53 10 16
1 0 0 1 1 0 0 1 1 1 0 1 1 1 1 0
7.86 1.19 6.32 73.12 19.37 1362 0.54 5.40 72.48 21.58 2210 0.42 6.27 71.31 21.87 2543
6.61 0.00 22.40 64.80 12.00 662 0.68 23.63 66.44 7.19 1217 0.76 24.81 66.58 5.82 1456
7.45 0.32 11.81 77.37 10.21 437 0.32 11.80 77.44 10.17 436 0.32 11.83 77.39 10.18 436
7.49 0.42 9.47 79.45 10.46 419 0.42 9.51 79.48 10.39 413 0.41 9.59 79.32 10.47 412
8.39 0.99 3.69 58.62 36.21 2042 0.56 4.24 59.87 35.09 4340 0.52 3.92 50.47 44.75 5945
6.16 2.09 58.20 31.94 1.99 182 2.08 58.30 31.89 1.98 181 2.07 58.59 31.74 1.97 181
5.61 5.26 40.35 38.60 0.00 289 4.11 45.89 35.62 4.79 592 5.65 52.61 24.35 3.48 728
6.92 0.00 48.57 40.00 5.71 258 0.00 46.88 46.88 1.56 405 1.32 52.63 42.11 1.32 430
6.31 5.26 47.37 39.47 7.89 318 3.12 48.96 41.67 5.21 601 2.14 49.29 40.71 5.71 712
5.33 1.47 66.18 25.00 1.47 331 8.00 64.80 20.00 0.80 495 6.21 59.63 21.12 0.62 575
5.33 1.47 66.18 25.00 1.47 331 8.00 64.80 20.00 0.80 495 6.21 59.63 21.12 0.62 575
6.17 0.00 34.21 57.89 2.63 270 2.20 42.86 50.55 2.20 479 2.31 50.00 44.62 1.54 518
6.36 6.24 37.27 43.52 8.65 157 6.23 37.36 43.49 8.62 156 6.29 37.37 43.66 8.39 156
5.75 6.17 54.01 26.05 4.01 283 6.15 54.00 26.08 4.00 281 6.19 54.04 26.10 3.86 281
6.09 8.70 48.09 29.73 3.18 477 8.71 48.11 29.80 3.14 477 8.77 48.02 29.82 3.15 475
7.08 1.65 26.95 58.44 10.42 575 1.64 26.90 58.54 10.39 574 1.64 26.89 58.60 10.31 575
6.44 2.45 37.62 49.75 5.15 160 2.43 38.03 49.57 5.10 160 2.54 38.01 49.52 5.08 160
8.02 0.90 6.22 60.65 31.94 273 0.89 6.19 60.63 31.98 275 0.89 6.22 60.43 32.17 274
7.46 0.29 18.82 65.10 14.61 222 0.29 18.77 65.18 14.59 225 0.29 18.68 65.34 14.52 226
6.9 0.99 30.63 62.82 4.07 389 0.99 30.73 62.74 4.05 389 0.98 30.69 62.81 4.03 389
7.23 3.41 18.18 69.32 7.95 716 2.09 18.83 69.87 9.21 1264 1.77 19.50 69.15 9.22 1386
7.62 2.13 8.51 63.83 25.53 321 1.72 7.76 71.55 18.10 700 0.57 9.09 72.16 17.61 968
6.52 2.56 12.82 46.15 38.46 280 0.79 20.63 59.52 15.87 544 5.66 24.53 53.46 11.32 609
8.41 1.55 5.57 62.54 30.03 1791 0.53 4.24 65.56 29.67 3115 0.51 3.54 64.95 31.01 3597
8.11 1.62 7.03 62.70 28.65 1356 1.42 4.88 70.33 23.37 2429 1.17 4.40 70.53 23.90 2884
8.02 2.60 5.73 54.69 36.98 854 1.24 5.94 60.40 32.43 1345 1.14 7.05 61.14 30.67 1558
7.77 0.00 0.00 93.75 6.25 129 0.00 0.00 92.59 7.41 158 0.00 3.66 82.93 13.41 110
7.54 0.68 12.86 70.12 15.36 1039 0.80 12.71 70.01 15.54 1018 0.78 12.41 70.07 15.74 998
7.37 0.00 20.00 53.33 26.67 310 0.00 9.55 77.71 12.74 730 0.94 11.27 73.24 14.55 860
7.27 1.09 10.87 76.09 10.87 620 0.38 13.21 80.38 5.28 1158 0.57 13.51 78.74 6.03 1328
7.24 0.00 30.95 59.52 4.76 343 0.92 28.44 60.55 7.34 653 0.67 23.49 66.44 7.38 782
7.03 2.95 26.94 60.89 7.75 1405 5.30 30.36 56.46 4.78 2965 4.23 24.95 61.08 7.21 3698
6.8 0.78 10.65 76.62 10.91 1950 0.62 11.28 78.15 8.92 3828 0.64 12.48 76.88 8.80 4445
6.7 3.70 5.56 50.00 40.74 572 1.67 10.00 70.00 18.33 1259 1.53 8.87 71.25 17.74 1495
6.51 0.82 4.92 82.79 11.48 1482 1.23 5.87 74.87 17.51 4264 1.11 6.43 68.79 22.78 5706
6.28 4.35 44.93 42.03 5.80 558 1.09 37.16 53.55 6.01 928 0.38 36.26 56.87 5.34 1129
5.96 2.94 47.06 38.24 8.82 230 8.33 46.67 25.00 6.67 267 8.00 50.67 24.00 5.33 278
5.91 6.08 45.30 35.36 8.84 1152 4.43 55.42 29.80 4.93 1789 3.59 56.91 29.26 4.13 2057
5.86 0.00 36.11 50.93 9.26 689 2.36 40.20 47.64 5.41 1390 5.32 42.78 42.78 4.81 1637
5.82 3.73 39.13 40.99 13.04 1055 5.59 46.54 34.84 6.91 1852 5.93 50.79 29.84 6.52 2137
5.74 1.39 26.39 62.50 8.33 660 1.78 37.28 56.21 4.14 973 1.83 42.92 51.14 3.20 1061
5.26 0.00 41.46 53.66 4.88 352 3.12 44.79 45.83 5.21 539 2.52 51.26 38.66 4.20 541
8.29 3.97 2.89 37.91 54.87 1443 2.53 2.21 40.13 54.98 2612 1.64 2.46 41.08 54.58 3112
8.24 0.31 3.28 57.15 39.02 653 0.31 3.21 57.24 39.00 650 0.31 3.27 57.22 38.97 645
7.79 0.49 8.87 72.91 16.26 923 1.17 14.33 64.91 17.54 1300 1.15 11.93 64.91 20.18 1431
7.62 2.28 2.28 47.15 47.53 1986 0.89 3.66 52.94 42.18 3835 0.86 3.43 51.37 44.03 4654
7.42 0.00 15.28 68.06 16.67 817 0.68 12.50 76.36 9.77 2091 0.68 12.71 76.10 9.83 2487
7.26 0.00 14.29 57.14 28.57 260 0.00 22.22 69.23 7.69 643 0.00 17.14 74.29 8.00 832
8.39 0.99 3.69 58.62 36.21 2042 0.56 4.24 59.87 35.09 4340 0.52 3.92 50.47 44.75 5945
7.49 0.42 9.47 79.45 10.46 419 0.42 9.51 79.48 10.39 413 0.41 9.59 79.32 10.47 412
7.01 1.59 11.93 73.76 12.33 2491 1.59 15.44 72.71 9.46 4201 2.27 19.26 68.54 8.04 4867
7.4 0.00 10.87 71.74 17.39 463 0.36 17.00 71.43 10.49 1584 0.20 15.22 75.30 8.57 1076
6.52 2.56 12.82 46.15 38.46 280 0.79 20.63 59.52 15.87 544 5.66 24.53 53.46 11.32 609
7.75 1.61 12.90 65.32 18.55 1133 0.66 10.30 77.74 10.30 1826 0.52 11.72 75.00 11.46 2033
6.64 0.00 16.67 77.19 6.14 543 0.46 20.92 73.79 3.45 1596 0.52 21.69 72.81 3.61 1878
6.89 2.00 10.00 82.67 5.33 857 1.00 12.29 80.73 5.98 1324 1.10 13.81 78.73 6.35 1469
7.62 0.00 13.33 75.56 11.11 288 1.02 9.18 73.47 16.33 547 0.76 9.09 76.52 13.64 655
7.58 0.00 10.37 72.59 17.04 751 0.72 8.63 74.10 16.19 1301 1.10 7.16 71.63 19.83 1489
8.24 0.79 7.00 54.10 37.76 1148 0.82 6.97 54.08 37.77 1147 0.82 6.94 54.00 37.88 1149
7.35 4.54 23.71 53.13 15.90 2213 4.48 23.80 53.07 15.86 2178 4.47 23.85 53.10 15.74 2140
6.26 3.33 40.00 48.33 5.00 399 0.62 46.91 47.53 2.47 788 0.47 45.02 50.71 2.37 890
8 0.00 1.79 71.43 26.79 443 0.76 3.03 69.70 26.52 789 1.12 2.79 71.51 24.58 940
6.28 9.21 34.21 46.05 5.26 481 7.08 43.36 38.50 4.87 937 6.60 43.71 39.31 4.72 1072