43 9
6.26 3.33 78.33 18.33 399 0.83 83.33 15.00 687
8 0.00 21.43 62.50 443 0.93 22.43 64.49 700
6.31 5.26 73.68 18.42 318 3.08 75.38 20.00 524
5.33 1.47 95.59 2.94 331 6.60 90.57 2.83 457
5.33 1.47 95.59 2.94 331 6.60 90.57 2.83 457
6.17 0.00 86.84 10.53 270 0.00 91.30 5.80 429
7.62 2.13 25.53 55.32 321 3.19 28.72 59.57 564
6.52 2.56 46.15 25.64 280 0.96 57.69 26.92 486
2.59 78.57 12.86 2.86 94 74.77 15.89 2.80 141
6.33 0.00 66.67 33.33 56 0.00 57.14 42.86 79
8.41 1.55 21.98 60.99 1791 0.82 20.92 65.57 2695
8.11 1.62 23.78 63.24 1356 1.57 24.35 67.02 2117
8.02 2.60 22.92 55.73 854 1.46 28.28 53.94 1217
7.77 0.00 37.50 56.25 129 0.00 38.10 57.14 143
7.54 0.68 42.44 53.10 1039 0.66 42.07 53.51 1030
7.37 0.00 53.33 26.67 310 0.00 34.45 62.18 620
7.27 1.09 52.17 39.13 620 0.50 60.40 35.15 988
7.24 0.00 80.95 16.67 343 1.06 72.34 22.34 575
7.03 2.95 66.42 24.72 1405 5.98 69.95 20.56 2423
6.8 0.78 39.22 56.62 1950 0.38 41.48 54.83 3348
6.7 3.70 25.93 38.89 572 1.05 38.74 48.17 1111
6.51 0.82 29.51 64.34 1482 0.85 30.26 63.92 3119
6.28 4.35 81.16 11.59 558 2.19 83.21 12.41 811
5.96 2.94 76.47 11.76 230 11.11 77.78 5.56 262
5.91 6.08 75.69 11.60 1152 4.39 84.21 7.60 1626
5.86 0.00 73.15 20.37 689 0.85 75.64 19.23 1243
5.82 3.73 70.19 14.91 1055 4.67 75.00 13.00 1672
5.74 1.39 69.44 20.83 660 1.47 78.68 14.71 882
5.26 0.00 82.93 14.63 352 1.35 86.49 10.81 508
5.37 4.19 84.43 7.19 989 4.05 85.43 6.07 1170
8.29 3.97 9.39 59.21 1443 2.19 10.76 62.75 2259
8.24 0.31 17.57 74.83 653 0.31 17.50 74.83 653
7.79 0.49 47.29 42.86 923 1.30 48.38 39.94 1230
7.62 2.28 13.69 66.54 1986 1.09 16.76 70.30 3400
7.42 0.00 51.39 45.83 817 0.63 49.21 46.98 1772
7.26 0.00 57.14 14.29 260 0.00 69.15 24.47 578
8.39 0.99 20.20 70.20 2042 0.58 19.11 72.73 3436
7.49 0.42 40.27 56.43 419 0.42 40.32 56.39 416
7.01 1.59 41.15 51.29 2491 2.04 46.64 46.04 3715
7.4 0.00 44.57 50.00 463 0.33 46.25 46.58 1563
7.71 2.56 43.59 50.00 504 0.87 35.14 55.31 1261
6.52 2.56 46.15 25.64 280 0.96 57.69 26.92 486