35 34

7.11 2.6709401709401708 0.21367521367521367 0.0 0.8547008547008547 2.6709401709401708 5.235042735042735 20.726495726495727 42.52136752136752 12.5 12.606837606837606 3976
1.9230769230769231 0.23076923076923078 0.0 1.0 2.3846153846153846 6.538461538461538 22.384615384615383 43.23076923076923 12.384615384615385 9.923076923076923 5019
1.667778519012675 0.200133422281521 0.0 1.0006671114076051 2.535023348899266 6.604402935290193 23.682454969979986 42.62841894596398 12.00800533689126 9.673115410273516 5624

8.39 0.24630541871921183 0.7389162561576355 0.0 0.49261083743842365 0.24630541871921183 3.4482758620689653 16.00985221674877 42.610837438423644 27.586206896551722 8.620689655172415 2042
0.0 0.4491017964071856 0.1497005988023952 0.5988023952095808 1.1976047904191616 3.7425149700598803 14.67065868263473 45.65868263473054 25.59880239520958 7.934131736526946 2832
0.11655011655011654 0.34965034965034963 0.11655011655011654 0.4662004662004662 1.1655011655011656 3.37995337995338 14.102564102564102 46.96969696969697 25.757575757575758 7.575757575757576 3436

7.42 1.4545454545454546 0.0 0.7272727272727273 0.36363636363636365 2.909090909090909 6.181818181818182 25.454545454545453 48.72727272727273 5.454545454545454 8.727272727272727 1888
0.7058823529411765 0.23529411764705882 0.23529411764705882 0.0 2.3529411764705883 5.882352941176471 29.41176470588235 48.470588235294116 5.411764705882353 7.294117647058823 2669
0.5597014925373134 0.1865671641791045 0.1865671641791045 0.0 2.0522388059701493 6.156716417910448 30.597014925373134 48.507462686567166 5.037313432835821 6.7164179104477615 3190

7.01 1.1928429423459244 0.1988071570576541 0.1988071570576541 0.3976143141153082 3.7773359840954273 8.151093439363818 28.82703777335984 44.93041749502982 6.361829025844931 5.964214711729622 2491
0.8746355685131195 0.1457725947521866 0.5830903790087464 0.7288629737609329 3.6443148688046647 10.204081632653061 29.591836734693878 42.27405247813411 5.97667638483965 5.97667638483965 3196
1.1990407673860912 0.23980815347721823 0.5995203836930456 0.9592326139088729 3.4772182254196644 10.191846522781775 32.014388489208635 40.88729016786571 5.155875299760192 5.275779376498801 3715

6.91 0.9259259259259259 0.0 0.0 2.7777777777777777 2.7777777777777777 21.296296296296298 42.592592592592595 17.59259259259259 5.555555555555555 6.481481481481482 771
0.4366812227074236 0.0 0.0 1.7467248908296944 2.183406113537118 17.467248908296945 51.96506550218341 19.213973799126638 3.493449781659389 3.493449781659389 1241
0.3401360544217687 0.0 0.0 1.7006802721088434 2.0408163265306123 18.027210884353742 48.29931972789116 21.08843537414966 3.741496598639456 4.761904761904762 1482

7.33 0.0 0.0 0.0 0.0 1.2345679012345678 9.876543209876543 29.62962962962963 49.382716049382715 6.172839506172839 3.7037037037037037 880
0.8403361344537815 0.0 0.42016806722689076 0.42016806722689076 0.42016806722689076 9.243697478991596 34.87394957983193 47.89915966386555 3.361344537815126 2.5210084033613445 1485
0.3257328990228013 0.0 0.3257328990228013 0.6514657980456026 0.6514657980456026 9.77198697068404 33.55048859934853 47.23127035830619 4.5602605863192185 2.9315960912052117 1745

8.08 0.0 0.0 0.0 0.8695652173913043 0.8695652173913043 2.608695652173913 16.52173913043478 55.65217391304348 10.434782608695652 13.043478260869565 830
0.0 0.0 0.0 0.5649717514124294 0.5649717514124294 4.519774011299435 15.819209039548022 57.6271186440678 9.03954802259887 11.864406779661017 1081
0.0 0.0 0.9090909090909091 0.0 0.9090909090909091 3.6363636363636362 16.818181818181817 56.81818181818182 10.909090909090908 10.0 1238

5.64 0.0 0.0 1.408450704225352 2.816901408450704 15.492957746478874 40.84507042253521 22.535211267605632 12.67605633802817 1.408450704225352 2.816901408450704 531
0.0 0.7692307692307693 0.7692307692307693 3.076923076923077 11.538461538461538 40.0 32.30769230769231 8.461538461538462 1.5384615384615385 1.5384615384615385 724
0.0 0.5952380952380952 1.7857142857142858 3.5714285714285716 9.523809523809524 42.857142857142854 30.357142857142858 8.333333333333334 1.1904761904761905 1.7857142857142858 842

6.26 0.00 1.67 1.67 3.33 5.00 35.00 35.00 13.33 5.00 0.00 399
0.00 1.04 1.04 2.08 5.21 36.46 36.46 13.54 3.12 1.04 573
0.00 0.83 0.00 1.67 7.50 39.17 35.00 11.67 3.33 0.83 687

6.31 2.63 0.00 2.63 0.00 7.89 39.47 26.32 13.16 5.26 2.63 318
2.04 0.00 2.04 0.00 8.16 42.86 26.53 12.24 4.08 2.04 444
1.54 0.00 1.54 1.54 7.69 36.92 29.23 16.92 3.08 1.54 524

5.33 0.00 1.47 0.00 5.88 25.00 41.18 23.53 1.47 1.47 0.00 331
0.00 3.41 1.14 5.68 19.32 44.32 22.73 2.27 1.14 0.00 419
0.00 2.83 3.77 6.60 19.81 44.34 19.81 1.89 0.94 0.00 457

6.17 0.00 0.00 0.00 5.26 5.26 28.95 47.37 10.53 0.00 2.63 270
0.00 0.00 0.00 4.00 6.00 26.00 54.00 8.00 0.00 2.00 372
0.00 0.00 0.00 2.90 4.35 34.78 49.28 5.80 0.00 2.90 429

7.62 2.13 0.00 0.00 0.00 6.38 2.13 17.02 46.81 8.51 17.02 321
3.70 0.00 1.23 0.00 6.17 1.23 19.75 44.44 13.58 9.88 488
3.19 0.00 0.00 1.06 4.26 2.13 21.28 45.74 13.83 8.51 564

6.52 2.56 0.00 0.00 0.00 2.56 10.26 33.33 12.82 12.82 25.64 280
1.25 0.00 0.00 2.50 2.50 15.00 31.25 25.00 6.25 16.25 430
0.96 0.00 0.00 3.85 4.81 13.46 35.58 24.04 2.88 14.42 486

2.59 71.43 5.71 1.43 1.43 0.00 7.14 4.29 2.86 0.00 5.71 94
70.33 4.40 1.10 1.10 2.20 7.69 3.30 3.30 0.00 6.59 125
70.09 3.74 0.93 0.93 1.87 6.54 6.54 2.80 0.00 6.54 141

6.33 0.00 0.00 0.00 0.00 33.33 0.00 33.33 33.33 0.00 0.00 56
0.00 0.00 0.00 0.00 20.00 0.00 20.00 60.00 0.00 0.00 74
0.00 0.00 0.00 0.00 14.29 0.00 42.86 42.86 0.00 0.00 79

8.41 0.31 0.93 0.31 0.31 1.24 4.33 16.10 46.44 14.55 15.48 1791
0.19 0.57 0.19 0.19 0.95 3.24 16.19 47.81 18.29 12.38 2436
0.16 0.49 0.16 0.00 1.15 3.29 16.47 48.27 17.30 12.69 2695

8.11 1.08 0.00 0.54 0.00 0.54 6.49 16.76 45.95 17.30 11.35 1356
1.32 0.33 0.33 0.00 0.66 4.62 20.13 50.50 13.86 8.25 1826
1.05 0.26 0.26 0.00 0.79 4.45 19.11 52.62 14.40 7.07 2117

8.02 1.56 1.04 0.00 0.00 0.00 5.73 17.19 37.50 18.23 18.75 854
1.39 0.70 0.00 0.00 0.70 4.88 20.56 36.59 17.77 17.42 1077
0.87 0.58 0.00 0.00 1.17 5.54 21.57 36.73 17.20 16.33 1217

7.77 0.00 0.00 0.00 0.00 0.00 0.00 37.50 56.25 0.00 6.25 129
0.00 0.00 0.00 0.00 0.00 0.00 38.89 55.56 0.00 5.56 138
0.00 0.00 0.00 0.00 0.00 0.00 38.10 57.14 0.00 4.76 143

7.54 0.30 0.00 0.38 0.98 2.34 10.51 28.59 41.53 11.57 3.78 1039
0.30 0.00 0.37 0.97 2.31 10.44 28.49 41.61 11.71 3.80 1034
0.30 0.00 0.37 0.96 2.44 10.26 28.41 41.70 11.81 3.76 1030

7.37 0.00 0.00 0.00 0.00 0.00 20.00 33.33 20.00 6.67 20.00 310
0.00 0.00 0.00 0.00 1.12 6.74 25.84 53.93 7.87 4.49 502
0.00 0.00 0.00 0.00 1.68 5.88 26.89 50.42 11.76 3.36 620

7.27 0.00 0.00 1.09 1.09 2.17 8.70 40.22 35.87 3.26 7.61 620
0.00 0.00 0.61 0.61 1.83 10.98 45.73 34.15 1.83 4.27 870
0.00 0.00 0.50 0.99 2.48 10.89 46.04 33.17 1.98 3.96 988

7.24 0.00 0.00 0.00 4.76 9.52 21.43 45.24 14.29 2.38 2.38 343
0.00 0.00 1.49 4.48 7.46 20.90 41.79 19.40 2.99 1.49 475
0.00 0.00 1.06 3.19 5.32 21.28 42.55 20.21 2.13 4.26 575

7.03 0.74 1.11 1.11 1.48 7.75 19.19 38.01 22.88 1.85 5.90 1405
0.43 1.08 3.46 3.46 6.71 21.86 36.80 20.78 1.08 4.33 2060
0.88 1.23 3.87 2.99 6.33 23.73 36.91 19.16 1.41 3.51 2423

6.8 0.78 0.00 0.00 1.04 2.60 8.05 27.53 49.09 7.53 3.38 1950
0.47 0.00 0.00 1.10 1.88 7.85 29.51 47.72 8.32 3.14 2905
0.38 0.00 0.00 1.02 1.91 7.89 30.66 47.46 7.38 3.31 3348

6.7 3.70 0.00 0.00 0.00 1.85 3.70 20.37 29.63 9.26 31.48 572
1.30 0.00 0.00 0.65 2.60 5.84 29.87 37.01 7.79 14.94 961
1.05 0.00 0.00 1.05 2.09 5.24 30.37 40.31 7.85 12.04 1111

6.51 0.41 0.00 0.41 0.00 1.23 3.69 24.59 58.20 6.15 5.33 1482
0.20 0.20 0.39 0.20 1.17 5.47 25.00 54.69 8.01 4.69 2449
0.28 0.28 0.28 0.57 0.99 4.55 24.15 53.69 10.23 4.97 3119

6.28 0.00 1.45 2.90 2.90 10.14 34.78 33.33 8.70 2.90 2.90 558
0.00 0.93 1.87 2.80 7.48 31.78 39.25 11.21 2.80 1.87 703
0.00 0.73 1.46 2.19 5.84 32.85 42.34 10.22 2.19 2.19 811

5.96 0.00 0.00 2.94 2.94 14.71 32.35 26.47 11.76 0.00 8.82 230
6.38 0.00 2.13 6.38 17.02 31.91 21.28 8.51 0.00 6.38 253
5.56 0.00 5.56 9.26 18.52 27.78 22.22 5.56 0.00 5.56 262

5.91 1.10 0.00 4.97 4.42 9.94 35.36 25.97 9.39 2.21 6.63 1152
0.74 0.37 4.04 5.15 11.76 37.50 27.21 7.35 1.47 4.41 1444
0.58 0.29 3.51 5.26 14.91 39.18 24.85 6.43 1.17 3.80 1626

5.86 0.00 0.00 0.00 3.70 5.56 30.56 33.33 17.59 2.78 6.48 689
0.54 0.00 0.00 2.70 6.49 29.19 36.76 17.30 2.16 4.86 1042
0.85 0.00 0.00 2.99 7.26 29.49 35.90 17.09 2.14 4.27 1243

5.82 1.24 0.62 1.86 3.11 11.80 27.33 27.95 13.04 1.86 11.18 1055
1.70 1.28 1.28 2.98 11.49 29.79 29.36 11.91 1.70 8.51 1424
1.67 1.33 1.67 3.67 11.00 31.00 29.33 12.00 1.00 7.33 1672

5.74 1.39 0.00 0.00 1.39 6.94 19.44 41.67 20.83 0.00 8.33 660
1.79 0.00 0.00 0.89 7.14 25.00 42.86 16.96 0.00 5.36 814
1.47 0.00 0.00 0.74 7.35 24.26 46.32 14.71 0.00 5.15 882

5.26 0.00 0.00 0.00 0.00 2.44 39.02 41.46 12.20 2.44 2.44 352
0.00 0.00 1.61 0.00 3.23 40.32 38.71 12.90 1.61 1.61 459
0.00 0.00 1.35 0.00 6.76 39.19 40.54 8.11 2.70 1.35 508

5.37 1.20 0.60 2.40 7.78 14.37 37.13 25.15 6.59 0.60 4.19 989
1.81 0.45 1.81 7.24 15.38 38.91 22.62 5.88 1.36 4.52 1119
1.62 0.81 1.62 7.29 14.17 40.49 23.48 5.67 0.40 4.45 1170

8.29 3.61 0.00 0.36 0.36 0.72 2.17 6.14 31.77 27.44 27.44 1443
2.49 0.00 0.25 0.25 0.50 2.74 8.23 31.42 30.92 23.19 1970
1.99 0.00 0.20 0.40 0.40 2.19 7.77 32.27 30.48 24.30 2259

7.62 1.90 0.00 0.38 0.76 0.38 1.90 10.65 36.50 30.04 17.49 1986
0.97 0.00 0.16 0.49 0.65 3.25 11.69 41.40 29.06 12.34 3009
0.82 0.14 0.14 0.41 0.68 3.00 12.67 41.96 28.34 11.85 3400

7.42 0.00 0.00 0.00 0.00 4.17 11.11 36.11 31.94 13.89 2.78 817
0.00 0.00 0.40 0.00 3.21 8.03 36.55 40.16 9.64 2.01 1496
0.32 0.00 0.32 0.32 2.54 8.89 37.46 39.37 7.62 3.17 1772

7.26 0.00 0.00 0.00 0.00 0.00 14.29 42.86 14.29 0.00 28.57 260
0.00 0.00 0.00 0.00 7.14 20.00 40.00 25.71 0.00 7.14 472
0.00 0.00 0.00 1.06 6.38 20.21 41.49 24.47 0.00 6.38 578